434 10000
208 247
427 434
155 160
413 434
432 432
223 242
79 101
426 428
417 431
76 97
97 140
321 324
322 342
262 291
130 154
323 324
426 430
54 71
144 156
372 373
139 155
2 17
193 231
49 51
149 170
145 172
106 126
318 330
300 300
74 100
338 369
145 167
387 405
136 167
303 331
131 145
363 405
126 156
256 270
383 406
208 232
15 39
11 24
188 228
305 331
317 322
109 114
167 209
166 188
159 182
264 265
164 165
59 61
419 419
56 93
33 40
110 133
217 256
348 356
88 96
359 365
7 22
240 282
312 341
23 65
392 421
167 206
316 350
102 102
391 403
101 111
19 39
424 432
107 141
210 245
200 239
234 258
241 272
303 333
302 318
180 210
149 164
9 19
233 265
30 38
121 127
109 120
71 110
379 415
38 75
64 84
288 291
321 325
75 77
163 185
315 330
397 413
389 392
295 333
18 42
215 221
32 68
306 333
162 197
260 275
60 97
18 52
139 163
323 330
214 222
407 419
332 337
397 403
32 41
304 304
227 248
346 377
242 277
341 383
66 108
314 356
347 377
41 62
211 230
129 168
190 210
395 412
138 172
85 87
296 319
254 292
350 350
292 293
129 135
373 381
228 236
323 325
340 367
171 176
331 347
25 38
313 343
216 250
407 419
201 211
140 153
227 253
116 120
107 144
69 88
417 434
248 286
249 278
255 284
93 119
129 159
267 293
372 387
31 48
313 333
151 165
172 212
159 185
361 375
30 66
132 162
129 142
394 404
25 41
6 21
428 434
341 367
423 427
67 90
292 328
134 155
391 422
261 281
274 302
200 222
44 69
82 98
325 357
305 334
196 227
66 96
142 177
422 434
27 48
98 107
226 256
389 418
256 267
405 405
8 23
295 302
103 142
249 282
160 202
291 305
190 229
175 201
222 253
278 320
317 349
421 431
0 18
312 320
134 158
294 331
390 428
18 47
342 346
4 20
165 200
250 276
54 68
195 221
0 29
275 301
108 136
39 57
74 88
245 268
163 191
185 219
351 386
70 88
428 430
150 183
76 88
98 140
15 45
121 147
397 404
358 358
355 386
253 281
115 116
331 361
10 11
28 52
200 209
301 324
427 430
98 132
358 373
422 426
51 76
77 77
24 42
66 106
239 255
323 327
298 309
300 316
180 185
118 124
103 127
365 408
158 192
42 55
246 255
313 321
323 348
312 333
169 208
256 285
426 428
289 324
3 3
121 151
273 303
229 262
302 318
153 193
51 66
85 123
353 388
183 190
306 347
342 374
27 55
285 289
33 65
103 120
424 433
216 243
73 108
263 284
28 29
229 263
293 311
29 39
279 286
30 55
92 120
23 65
383 390
186 198
308 347
62 79
224 259
375 411
199 234
35 48
104 115
307 313
161 172
14 46
354 385
306 308
176 216
428 430
363 390
226 232
84 84
157 157
308 333
411 423
369 381
139 165
345 347
340 360
207 225
101 130
327 365
182 213
147 187
371 409
254 281
258 291
106 121
78 79
359 401
156 180
45 78
213 240
206 220
300 335
74 78
40 69
27 59
151 159
431 431
313 339
197 202
375 381
8 44
73 106
129 136
329 357
397 417
241 278
299 335
398 408
246 257
145 156
219 259
77 94
116 152
196 215
192 196
255 295
251 279
304 316
316 326
372 395
170 201
334 357
12 46
432 434
302 314
426 429
11 51
60 92
429 431
304 313
316 356
246 262
397 428
194 199
174 210
175 181
249 285
85 127
108 146
432 434
3 14
152 155
322 357
2 34
391 415
400 412
65 86
68 78
195 215
163 184
113 143
87 95
396 406
80 102
340 342
239 254
380 393
26 43
188 209
260 263
73 105
160 194
100 115
108 129
220 226
325 344
405 405
42 72
341 344
167 173
318 358
359 377
41 81
224 226
246 264
130 164
165 178
40 45
282 284
346 388
368 385
55 62
92 126
210 217
216 240
324 326
163 177
238 268
384 410
406 431
331 361
8 24
239 244
405 424
337 363
342 350
284 295
158 197
26 55
132 160
116 129
222 225
66 100
423 423
384 386
138 180
143 185
313 318
265 278
235 249
278 321
113 137
9 36
270 283
51 65
238 247
103 126
314 343
79 82
183 219
68 75
419 429
319 351
182 201
396 410
368 371
409 428
348 353
423 423
149 174
301 332
108 137
421 429
94 114
328 344
324 341
79 106
427 432
273 286
75 79
102 132
257 281
243 256
237 273
415 419
340 376
116 119
429 433
199 229
272 290
146 153
372 400
377 386
114 128
360 365
254 286
335 342
134 145
19 60
290 303
362 384
209 219
214 256
171 214
48 51
386 396
25 48
91 119
235 256
217 239
357 366
135 147
281 281
358 379
48 87
174 217
172 214
340 370
86 110
279 309
110 127
315 325
97 125
129 159
412 413
295 316
116 131
238 253
175 179
335 348
282 319
223 226
151 151
359 399
381 386
199 215
61 76
73 87
352 394
291 309
332 335
42 80
218 251
17 47
1 38
247 271
99 124
359 383
142 146
19 57
303 336
47 69
196 224
14 22
421 428
400 423
33 46
360 397
230 248
36 69
143 145
191 196
252 261
307 338
384 422
73 98
3 19
178 214
338 360
409 418
10 52
300 333
392 399
330 357
228 269
223 246
301 344
173 179
266 277
31 42
216 226
317 341
134 144
316 329
62 86
352 371
200 235
291 300
296 331
30 38
147 147
98 131
140 148
330 373
176 206
381 394
26 58
25 30
128 148
420 422
427 429
370 396
196 205
254 273
116 159
98 109
430 431
279 301
377 402
278 307
90 132
58 86
389 398
335 335
354 386
40 81
69 105
33 39
143 147
99 105
408 423
220 225
291 310
327 362
393 421
191 195
193 236
388 393
104 119
126 132
174 209
260 269
416 424
125 143
261 262
398 419
392 408
423 432
106 121
251 263
402 428
378 413
90 126
331 359
113 120
144 171
111 113
19 47
255 292
257 275
196 198
230 247
340 360
216 220
108 146
85 85
368 388
187 230
115 154
384 420
17 31
395 417
324 363
9 48
291 306
169 204
318 335
213 246
52 89
321 326
170 198
315 330
222 231
400 409
240 248
198 212
254 284
146 186
181 221
294 308
113 138
380 385
419 428
333 340
168 203
68 101
241 278
146 169
77 116
188 200
298 307
313 350
141 158
93 97
429 429
87 122
141 168
20 55
369 382
379 421
422 429
219 223
124 125
104 121
227 235
375 389
410 427
419 425
265 307
413 426
365 403
362 367
331 357
83 113
325 368
378 421
296 315
363 368
351 375
305 313
287 289
391 427
338 348
230 246
310 350
107 119
17 21
155 185
385 397
172 205
308 342
163 200
328 331
1 30
8 47
12 17
48 75
13 35
139 174
343 347
142 143
44 56
135 176
263 306
405 428
239 268
407 409
15 24
151 169
281 292
212 236
33 76
358 371
15 37
158 178
296 334
248 256
134 161
28 33
415 426
27 48
143 184
356 359
241 263
14 53
95 99
412 413
106 138
74 88
214 223
382 392
77 86
425 430
415 423
377 417
147 150
371 411
312 346
396 411
82 123
352 390
413 432
354 354
428 432
191 203
342 368
3 13
131 173
6 30
407 427
207 249
95 105
135 170
430 432
189 229
317 358
45 64
167 180
75 78
345 353
151 169
37 63
245 247
272 304
242 271
406 415
349 392
271 284
373 407
310 348
130 166
9 20
109 115
370 404
336 356
310 334
13 41
156 156
14 14
115 155
177 209
190 217
191 214
49 76
366 383
114 123
246 283
198 229
9 20
427 428
19 28
145 152
18 55
381 395
30 37
167 172
129 150
93 103
281 303
132 137
15 30
130 166
211 226
204 216
42 64
308 331
253 258
126 132
158 201
305 317
219 226
85 121
161 177
368 372
158 163
153 192
53 63
342 370
204 206
21 56
257 273
109 120
69 92
116 156
173 210
88 123
146 169
197 205
302 327
308 324
301 331
204 232
94 123
429 429
45 68
96 111
13 20
273 307
311 320
431 433
204 247
228 255
106 123
419 426
333 354
421 430
180 206
177 201
370 407
198 235
281 297
28 29
376 400
290 309
161 171
325 361
138 156
274 281
246 274
253 291
214 220
257 294
208 234
419 420
212 248
237 240
15 30
307 307
422 428
424 425
176 198
371 400
50 74
336 348
356 380
88 119
309 315
367 392
220 252
432 433
217 236
394 428
157 167
357 374
282 307
420 433
121 130
80 109
194 220
216 245
302 323
117 127
296 339
341 361
344 374
168 208
82 92
429 430
394 431
270 309
265 286
154 192
271 314
285 290
358 378
65 84
23 51
337 371
249 288
119 124
131 162
36 67
117 127
13 31
267 287
163 163
215 225
59 89
320 329
317 342
296 307
163 201
184 227
114 134
216 228
416 425
74 76
31 52
388 413
33 59
46 61
390 427
158 172
53 69
259 296
401 425
378 399
48 53
6 25
353 369
421 423
346 357
91 112
170 197
55 75
201 244
290 301
19 19
89 113
176 185
149 161
128 131
290 322
257 289
301 341
244 249
406 410
15 47
391 398
269 278
194 218
143 178
331 371
313 334
400 400
385 421
130 137
409 431
120 138
370 391
7 50
81 120
331 361
310 342
173 205
166 172
335 351
261 274
228 246
383 418
147 160
112 146
195 215
11 47
134 135
314 343
88 130
397 412
103 119
79 105
227 263
375 378
188 231
4 35
112 129
13 16
306 323
5 27
198 223
104 109
352 372
361 376
276 291
226 227
31 47
31 46
119 162
122 129
293 312
34 35
409 414
89 94
84 127
403 428
66 70
362 384
108 110
43 47
385 413
358 394
172 210
140 146
358 391
393 418
78 97
57 61
98 116
220 244
172 195
260 283
236 263
43 62
218 247
107 110
83 126
301 334
114 128
70 106
221 247
240 262
18 57
124 144
404 417
32 32
358 400
174 205
350 358
162 189
166 202
345 363
412 432
16 43
63 99
54 90
149 183
253 262
122 141
417 433
237 280
41 59
401 425
222 227
342 375
236 239
51 62
240 261
324 347
356 387
194 214
232 243
4 10
178 214
145 176
375 416
105 121
131 141
18 34
393 393
5 42
21 47
374 404
60 73
360 377
239 276
210 244
6 11
376 392
430 433
245 256
222 237
370 391
423 430
201 233
371 389
73 97
157 190
79 92
413 425
55 63
123 139
433 434
209 246
193 202
142 150
112 127
88 89
384 411
410 420
169 196
186 223
268 270
224 251
35 55
306 313
98 106
268 308
282 311
68 87
189 215
421 426
269 300
20 39
227 234
254 261
410 427
430 430
392 414
35 49
203 246
171 212
389 402
87 125
12 18
239 267
312 317
225 235
337 340
192 226
269 312
355 380
77 95
89 94
98 105
78 97
299 342
358 365
250 293
317 347
59 71
424 427
146 174
267 277
121 156
253 267
84 101
49 89
239 253
227 246
205 219
425 425
216 234
254 292
164 190
413 434
392 415
235 265
1 23
197 231
259 295
203 225
194 226
427 432
198 211
92 131
81 121
85 94
252 253
31 73
252 262
280 282
296 299
64 71
263 301
117 119
55 95
384 403
325 344
215 247
89 94
355 378
260 273
256 265
236 269
423 429
279 319
67 70
105 129
432 434
90 116
368 389
297 314
401 407
273 297
111 151
231 243
299 315
44 86
203 244
177 209
337 347
79 109
157 194
338 365
36 57
14 47
10 25
1 34
420 422
352 382
182 224
256 289
423 428
113 130
299 303
55 59
331 363
218 239
299 315
178 210
90 127
431 434
75 92
323 365
302 334
291 292
81 106
198 218
51 54
355 387
67 78
29 57
6 11
250 284
52 73
73 108
200 228
68 104
313 320
429 429
41 72
117 122
354 372
274 307
155 184
80 89
353 383
226 253
176 212
15 54
76 76
225 233
316 338
120 128
279 300
103 114
187 226
143 169
43 63
15 15
100 109
408 427
285 293
88 91
265 267
87 121
185 209
365 396
85 127
115 118
198 235
181 197
121 140
327 355
381 413
4 5
247 250
365 402
319 325
326 345
262 288
242 260
212 222
408 424
368 377
312 337
98 140
162 163
5 17
47 82
20 62
356 380
4 28
355 371
276 303
310 325
281 323
112 138
13 22
235 258
201 215
388 402
247 253
381 403
343 372
62 94
234 243
67 92
423 427
418 422
431 431
253 284
133 159
275 299
110 140
343 355
268 270
101 136
279 292
267 290
35 70
117 122
367 401
267 279
300 334
238 252
213 249
326 341
194 225
298 321
184 209
112 147
297 330
146 180
67 83
88 100
60 69
32 43
212 244
321 335
79 82
8 14
374 390
237 260
96 109
256 271
367 372
188 189
143 153
209 217
373 408
290 319
11 51
354 357
22 54
424 425
329 339
429 430
381 388
307 330
38 49
298 318
158 192
100 132
228 245
271 305
241 242
424 426
256 280
402 424
70 107
304 327
19 19
104 115
378 408
394 407
346 364
214 220
167 204
427 429
14 18
383 397
40 55
433 434
429 429
220 237
209 221
306 308
193 218
101 121
307 316
101 104
390 423
302 311
150 156
413 428
396 405
21 43
157 158
16 41
70 90
361 376
104 113
309 325
75 83
42 71
349 380
301 321
319 336
287 292
106 115
135 146
225 229
40 65
352 354
351 393
154 175
368 395
86 89
371 410
101 126
58 90
56 69
315 315
415 425
180 186
269 285
288 326
5 6
65 79
183 205
418 433
266 273
75 87
72 86
305 342
402 405
138 180
300 322
293 330
214 237
72 113
241 275
230 246
364 366
12 31
317 339
245 258
334 347
43 85
3 15
318 331
154 174
345 352
22 53
359 400
37 69
123 127
79 80
371 407
107 116
91 110
140 158
42 44
418 425
253 281
271 277
370 396
179 204
381 393
136 147
381 383
116 146
357 389
81 82
220 246
124 154
369 395
140 165
205 237
270 294
113 133
206 229
386 400
128 161
26 49
56 59
409 425
158 159
0 42
125 136
335 353
343 362
335 363
395 431
10 16
423 427
407 432
23 64
38 58
430 434
2 24
85 100
29 64
221 253
306 314
114 121
156 179
176 181
206 219
132 170
215 226
21 57
258 261
177 209
55 87
125 153
233 272
115 157
310 330
53 73
1 1
403 415
391 399
244 286
271 300
336 376
30 67
288 313
163 174
59 84
40 42
333 353
73 81
271 300
335 364
185 198
57 89
68 95
413 413
214 248
244 252
61 82
364 367
191 230
263 302
163 187
1 15
353 395
250 293
51 82
19 60
189 195
430 433
155 186
210 224
101 134
131 157
331 369
142 167
344 361
336 360
351 355
343 360
45 64
44 66
55 80
330 344
202 229
290 311
432 432
173 185
42 64
229 253
22 25
421 434
188 216
23 37
295 312
354 379
265 291
335 367
256 270
249 260
56 89
394 423
33 62
223 251
312 313
41 81
201 208
273 286
381 385
117 155
331 372
157 196
47 47
336 337
210 221
24 40
145 153
277 283
282 300
31 50
6 49
231 274
2 21
256 271
185 189
408 422
169 198
55 91
286 302
208 233
147 178
89 127
122 141
412 431
141 149
317 320
85 105
18 36
313 335
243 280
79 95
105 145
405 425
102 116
275 290
398 407
98 133
406 424
425 426
265 300
324 341
35 36
340 355
431 431
311 332
289 332
239 276
228 246
354 378
319 353
84 92
346 384
117 124
254 294
96 103
24 51
49 55
273 291
37 50
186 198
273 284
199 241
96 131
356 358
1 34
257 282
345 361
0 19
58 88
181 194
46 66
174 194
70 100
129 134
308 309
30 70
67 100
175 179
86 127
138 164
6 22
84 86
302 309
251 278
16 29
265 284
11 13
402 423
296 326
409 424
24 44
346 352
13 31
391 413
331 367
168 192
395 404
155 175
194 218
110 112
102 133
335 343
289 329
37 78
222 231
363 363
360 397
292 304
234 253
333 342
4 47
30 49
131 158
351 376
174 182
399 408
236 253
186 220
225 247
217 223
232 273
73 94
13 54
187 196
6 10
317 337
355 378
33 36
366 401
308 312
304 338
281 295
136 150
228 239
157 198
207 250
294 312
243 243
195 231
422 431
363 367
417 421
161 204
126 146
104 132
275 284
126 149
293 308
411 430
406 414
120 161
424 434
181 202
20 28
76 117
161 173
403 407
231 260
66 90
334 360
102 129
35 47
396 403
179 197
389 405
195 238
280 297
280 321
121 131
39 46
46 66
162 188
115 142
411 427
186 212
104 109
276 316
204 233
44 84
410 434
68 104
339 347
275 289
345 379
144 176
31 43
181 200
174 177
374 408
59 97
120 144
260 281
338 340
280 320
83 100
11 37
116 127
28 54
94 102
396 428
84 100
126 162
43 66
20 51
126 163
190 223
246 249
182 192
241 274
378 379
136 176
34 37
356 371
157 185
287 309
66 108
12 26
206 227
402 428
29 48
287 294
273 313
418 421
193 225
175 201
363 363
171 188
90 105
198 203
281 287
13 37
151 153
235 267
120 120
207 212
173 202
275 291
171 182
186 220
38 38
133 150
280 313
70 88
294 296
152 168
359 391
298 317
215 250
217 242
329 342
269 310
282 316
397 416
150 184
313 355
407 411
347 356
143 164
274 302
406 416
102 120
312 330
342 373
334 346
88 123
179 179
230 246
260 299
112 126
8 45
174 217
327 336
415 418
148 190
273 283
257 269
388 411
30 50
342 353
6 25
218 225
285 327
74 112
83 93
421 421
378 402
355 395
201 237
392 406
241 266
331 349
405 423
281 321
21 35
408 424
324 359
128 136
356 365
350 392
23 40
385 399
121 145
54 57
292 307
352 355
332 347
195 219
183 210
158 163
322 343
128 157
285 306
229 247
288 299
0 17
208 218
179 188
235 258
333 358
66 66
390 416
83 93
171 192
296 326
202 207
70 93
83 98
43 58
301 320
158 172
46 80
404 431
428 429
383 417
429 433
369 411
406 421
422 433
262 303
8 23
179 212
104 117
339 373
48 70
144 145
9 13
337 355
239 266
257 268
192 214
361 389
384 408
98 122
289 321
166 185
392 394
313 317
142 170
432 434
390 412
228 232
285 285
421 433
62 67
117 142
125 162
275 275
20 52
59 78
330 367
143 167
426 427
193 224
90 92
249 261
144 179
395 396
311 337
402 411
84 87
260 290
176 185
13 42
128 157
31 71
286 327
364 379
31 32
301 334
32 33
22 30
200 210
288 331
30 39
85 114
370 394
92 104
89 129
195 218
332 375
426 430
300 335
263 304
288 294
267 294
20 20
326 363
2 39
222 262
432 434
268 287
194 226
120 152
225 237
270 287
330 332
377 387
261 280
270 279
397 426
180 212
290 328
351 385
371 377
317 326
309 312
142 154
423 426
10 43
259 271
250 269
331 337
338 381
27 28
74 98
287 313
144 178
175 176
279 307
250 277
277 317
368 369
333 348
259 280
312 344
50 57
55 69
398 432
133 139
72 97
365 382
177 182
70 112
276 288
423 430
175 217
43 44
198 203
71 92
288 326
77 77
74 89
390 424
22 23
39 54
403 430
3 33
143 170
324 358
76 115
357 359
104 118
15 39
6 6
239 276
298 341
115 158
340 383
133 175
282 283
356 377
341 368
369 397
120 163
204 226
325 331
216 233
74 97
173 197
181 201
109 125
150 168
386 395
169 176
27 34
382 387
315 336
43 69
148 169
117 152
333 363
3 24
268 301
193 201
88 113
211 213
169 190
0 4
221 233
153 196
294 299
252 262
42 68
61 63
112 137
216 254
51 87
229 233
253 279
209 244
216 216
200 234
166 171
76 114
55 64
198 205
198 224
113 154
109 110
52 72
289 292
141 169
238 241
348 351
46 53
382 389
386 395
219 236
195 211
249 259
128 166
395 423
218 259
260 260
31 32
285 310
187 227
127 144
275 308
325 359
79 120
175 203
10 45
305 306
262 279
246 256
264 291
147 175
94 126
195 236
206 245
346 389
308 324
45 78
431 434
89 90
50 93
431 433
42 85
26 30
67 80
303 339
93 121
344 344
345 369
363 393
187 217
222 226
203 217
62 90
346 346
404 412
432 433
328 329
151 191
3 43
92 95
297 327
349 373
323 343
319 355
197 226
416 433
81 123
415 421
415 417
330 358
48 64
97 99
206 224
31 46
389 392
295 335
179 210
49 72
37 42
140 157
291 304
267 305
275 282
100 110
334 358
279 296
368 396
425 425
263 266
260 271
432 433
111 147
191 233
402 405
57 66
65 107
11 48
223 233
39 57
278 301
207 223
111 119
73 116
327 353
120 125
135 140
1 40
191 201
217 230
34 75
269 283
44 76
102 133
134 154
307 326
360 384
281 320
195 199
9 12
361 368
337 358
279 280
12 43
11 33
216 259
411 430
91 105
371 401
78 80
306 349
27 45
322 352
9 19
56 71
337 343
342 351
36 73
31 53
268 278
47 64
219 219
198 223
210 229
169 182
397 433
194 194
67 85
270 270
3 18
106 115
98 132
2 29
362 365
49 65
98 109
249 284
335 335
253 295
409 433
427 432
73 92
364 375
176 181
433 433
82 106
343 346
252 262
65 71
150 175
365 366
320 326
46 77
93 124
366 401
5 38
307 348
147 160
312 319
69 104
92 134
139 182
135 156
425 431
304 326
260 297
381 383
413 420
299 325
401 434
348 391
16 41
187 201
215 252
425 429
76 106
388 431
360 386
171 173
208 217
399 425
111 121
381 399
44 58
44 67
287 322
249 276
125 139
139 142
168 185
25 44
64 99
418 429
136 156
294 301
26 51
161 199
61 100
26 57
141 145
183 194
376 387
356 383
414 421
363 368
401 403
407 419
76 78
67 72
235 244
366 377
270 271
400 434
329 355
294 323
86 101
226 244
61 79
107 145
282 310
320 331
303 315
283 317
346 361
428 432
418 422
271 282
429 434
314 319
338 368
17 18
309 341
246 269
114 143
264 269
392 403
37 59
416 427
337 355
199 202
118 159
296 323
129 168
175 217
318 349
238 253
213 248
118 134
231 241
80 122
88 123
294 321
316 357
280 312
190 198
233 233
274 281
431 432
297 323
232 258
306 308
252 289
405 423
314 347
75 115
12 51
165 206
367 379
139 144
155 161
350 361
143 163
424 430
368 411
69 97
205 207
80 85
247 247
137 140
354 395
23 24
36 62
233 255
307 312
350 392
375 404
261 296
22 27
6 9
382 397
59 74
97 127
225 250
377 401
53 94
317 355
230 239
357 394
47 62
429 434
404 424
52 52
38 51
364 397
110 142
385 395
36 56
314 353
369 375
7 28
390 419
246 268
112 142
164 183
255 286
360 376
318 319
321 354
34 43
330 353
213 221
151 159
3 40
359 378
268 311
92 100
315 353
369 401
299 330
243 266
3 14
128 153
24 59
5 8
405 431
345 355
361 380
176 209
422 422
351 355
25 65
362 365
322 363
8 35
246 268
153 192
196 199
162 173
12 18
391 421
25 58
151 175
290 306
381 399
253 256
376 392
306 312
402 432
269 291
409 410
409 426
177 203
20 54
423 424
254 264
233 263
176 185
324 344
303 327
326 351
430 433
53 94
166 191
310 351
39 51
395 428
284 299
237 273
420 427
185 215
414 428
316 347
424 434
321 355
393 427
299 327
387 401
51 81
99 107
37 56
402 422
57 88
365 399
117 154
192 203
427 431
69 87
412 430
354 360
217 235
36 79
227 248
14 23
136 158
285 301
262 265
412 423
320 327
189 200
108 117
102 143
140 178
10 25
372 380
7 10
269 305
352 367
113 143
91 127
43 86
171 180
219 259
11 54
338 359
75 114
355 371
71 106
16 36
289 318
331 347
97 115
266 306
422 426
249 283
330 368
121 137
197 203
85 114
28 44
101 114
254 259
215 230
39 75
64 94
2 21
71 76
52 54
396 397
106 128
353 373
249 277
254 295
282 293
111 151
230 240
0 20
213 227
200 232
185 197
256 272
324 326
315 346
192 212
165 183
44 65
218 252
252 269
72 78
260 285
189 201
405 412
172 204
9 19
32 52
273 273
319 333
395 416
341 380
204 207
346 387
136 155
143 146
330 372
42 81
89 89
285 294
141 147
71 109
39 39
375 399
87 99
156 160
127 164
152 179
13 41
374 387
195 206
287 298
62 81
161 197
292 295
224 247
134 175
202 229
398 404
229 255
300 331
291 309
1 31
261 262
1 7
87 95
380 386
231 237
348 355
394 414
3 14
121 159
229 246
168 173
223 247
190 194
88 130
129 149
191 234
170 181
132 138
374 406
109 112
65 101
154 176
19 22
2 17
167 209
297 316
188 190
300 337
278 290
163 167
342 360
130 167
106 133
176 196
134 161
234 245
171 192
423 432
19 27
112 140
409 422
224 266
14 34
25 31
151 163
174 188
51 80
34 53
372 379
356 383
187 202
431 433
138 167
379 411
253 290
289 311
101 122
136 179
16 57
7 20
195 218
225 241
77 120
29 55
42 71
267 278
18 40
71 106
63 64
136 146
117 152
179 211
309 334
179 188
95 127
334 372
219 255
6 11
338 380
152 165
219 235
172 194
162 165
175 218
335 378
261 289
274 290
211 221
2 31
84 125
118 154
136 138
324 349
94 99
73 97
137 158
125 141
138 147
253 287
155 192
112 136
258 300
266 308
291 308
395 433
257 276
352 371
410 429
33 74
221 259
215 226
280 285
363 368
38 77
324 346
203 205
370 411
85 124
255 259
18 59
172 177
250 272
381 389
109 111
246 278
352 389
150 171
136 178
88 127
413 419
155 196
425 426
417 427
153 176
150 175
210 219
46 70
76 119
186 217
273 282
204 230
261 302
313 329
42 66
50 76
308 318
151 157
401 402
289 296
26 57
45 52
71 73
152 169
199 240
149 173
329 341
87 98
172 180
21 44
248 286
204 222
304 332
239 268
276 300
98 118
375 386
430 433
240 244
268 274
234 259
405 428
52 68
369 400
114 144
74 84
262 275
367 406
139 167
319 353
325 336
246 275
370 404
247 262
401 421
27 56
255 265
397 429
431 431
80 99
353 389
373 374
372 388
423 432
219 220
254 264
298 334
339 364
287 316
355 376
145 169
224 261
134 171
409 427
416 425
275 300
306 327
130 146
130 142
122 143
320 323
308 315
77 94
63 87
423 430
61 84
66 69
207 249
418 430
252 293
384 414
350 392
67 74
48 67
81 117
368 381
237 245
278 300
321 336
261 299
10 51
154 155
230 253
268 272
155 158
140 148
411 416
207 230
176 195
140 158
250 271
405 409
223 252
143 171
302 339
114 149
254 264
308 339
184 187
342 361
146 153
252 282
45 80
45 87
114 142
170 187
139 177
203 228
114 143
281 316
284 321
179 202
426 426
377 402
256 280
216 259
133 161
83 100
271 282
131 136
249 268
85 105
32 56
242 274
420 424
171 176
14 25
222 256
37 73
184 219
248 277
191 207
306 309
177 184
247 269
375 401
101 108
15 43
121 160
422 432
367 371
124 124
234 274
299 315
138 154
166 188
93 116
204 226
230 241
397 431
345 372
114 157
295 297
57 64
77 87
69 112
286 294
416 419
293 325
107 116
276 284
79 91
289 319
271 300
355 368
350 386
196 203
57 68
393 421
272 282
355 357
321 347
315 317
208 225
109 123
69 82
242 277
292 335
374 407
46 55
285 309
46 81
216 229
338 343
193 199
38 40
231 261
216 237
390 399
143 162
372 390
29 49
277 315
274 299
233 269
126 165
293 322
330 339
293 319
297 312
380 416
0 41
199 206
174 216
256 274
395 410
389 419
128 167
210 218
329 365
316 332
98 115
24 60
59 64
230 264
3 35
143 156
337 338
229 246
34 70
324 344
241 266
244 272
141 165
324 366
74 80
330 363
56 84
11 39
7 30
177 197
247 267
210 212
105 110
203 222
147 190
380 400
4 25
365 397
141 166
55 71
396 431
333 375
389 394
371 377
50 81
191 208
160 195
25 67
285 325
348 369
286 305
8 50
192 207
225 260
52 88
161 174
193 201
289 329
38 73
159 192
27 52
30 62
31 56
358 380
82 102
153 193
81 93
117 154
195 210
298 334
96 111
334 356
286 289
79 86
407 416
402 403
397 412
10 24
226 268
259 264
190 218
322 354
322 328
335 368
20 25
94 102
348 381
71 81
154 171
143 161
155 164
411 419
63 86
144 158
99 110
320 336
399 427
167 203
140 166
92 107
288 309
344 375
93 134
407 409
333 353
184 217
183 213
387 391
281 316
140 157
381 403
287 310
34 66
213 246
40 58
140 143
290 325
168 192
206 215
12 45
19 50
34 43
383 423
334 367
107 137
268 302
359 367
357 382
336 360
32 42
166 189
384 400
360 364
333 345
337 365
180 188
113 115
85 115
71 85
274 310
297 327
59 97
45 59
313 352
128 164
190 226
91 113
315 326
156 170
220 226
427 433
53 55
396 409
428 428
156 158
35 76
52 84
258 279
394 420
396 430
147 151
298 301
108 125
97 128
164 182
422 425
274 313
317 349
397 426
413 432
319 326
114 121
60 85
221 223
265 295
214 255
17 17
96 110
153 171
130 143
186 211
357 396
405 418
153 191
46 58
168 191
101 142
381 424
107 118
82 124
112 128
47 76
410 428
103 121
21 44
182 195
426 433
6 39
113 143
70 85
325 364
386 428
199 240
72 96
162 182
321 361
28 70
194 235
229 258
101 123
13 19
260 294
186 214
132 137
292 304
378 382
228 235
153 159
301 334
395 406
377 396
30 67
180 207
324 364
77 82
214 244
289 319
176 181
250 259
109 141
385 407
105 129
233 263
419 425
389 407
198 225
221 252
378 378
162 180
130 134
310 348
47 79
216 247
410 430
286 310
85 107
130 152
36 68
136 166
309 339
300 320
296 301
427 433
66 84
73 94
186 192
379 410
418 422
319 319
161 164
145 161
125 131
210 247
327 342
131 140
381 408
379 395
224 241
395 422
304 331
305 348
6 34
353 376
105 117
114 129
168 202
78 93
205 230
74 82
64 94
378 415
18 43
180 204
407 421
142 144
266 292
241 241
212 250
268 292
181 192
275 318
325 356
300 304
213 220
120 129
96 109
353 370
36 55
198 204
203 224
301 344
336 336
420 432
354 357
341 370
333 356
35 59
324 361
343 386
162 165
167 209
203 246
150 162
291 301
352 352
294 303
171 181
161 177
374 393
9 37
323 364
159 194
433 434
99 140
355 379
199 216
324 350
186 222
259 271
338 368
202 222
79 106
98 113
384 391
142 180
74 103
146 188
253 296
200 218
252 263
19 22
165 207
125 149
85 107
274 286
75 89
33 34
64 98
182 216
259 299
57 72
378 411
362 393
251 288
306 332
105 107
282 294
26 32
49 67
176 178
184 212
181 219
422 431
341 348
270 293
36 76
303 306
126 150
186 206
357 392
68 103
304 311
325 329
314 346
211 214
322 333
382 390
164 207
283 320
153 175
391 414
93 104
62 68
274 285
317 322
246 275
387 413
209 238
158 187
389 410
153 164
405 418
354 386
306 347
126 135
66 96
326 342
287 319
106 127
282 296
336 350
163 171
77 114
74 115
414 431
387 395
359 381
112 150
211 223
374 413
318 324
15 26
251 278
170 181
193 203
280 288
224 255
42 73
407 417
167 193
168 190
359 365
84 84
235 268
238 262
40 70
214 234
176 186
314 331
290 331
379 414
201 207
143 148
383 418
121 140
346 359
202 239
267 277
179 200
282 310
259 280
196 217
115 158
87 106
409 417
22 32
356 390
0 39
225 259
296 300
206 228
273 294
391 398
201 234
49 82
220 242
61 90
339 360
392 400
181 186
178 184
389 422
326 367
87 99
133 164
102 131
203 232
281 297
145 184
381 400
41 61
33 41
48 57
315 333
191 224
258 287
101 103
157 192
133 160
20 57
144 161
254 297
166 200
287 314
142 150
70 85
143 149
159 180
375 385
314 321
252 279
354 373
185 228
388 400
344 364
250 291
288 318
30 47
1 33
230 254
159 167
396 404
203 207
408 425
77 119
5 41
306 348
310 312
409 428
323 334
84 115
161 189
342 354
358 366
127 138
70 77
154 164
13 56
358 358
389 395
106 133
270 296
154 157
422 434
278 307
198 206
70 112
27 55
49 58
338 350
385 404
3 46
51 89
306 313
169 184
387 421
83 91
166 171
326 350
136 168
352 373
161 181
8 24
140 174
203 238
288 296
40 80
246 251
176 212
402 409
140 150
272 298
241 241
185 201
125 164
5 37
72 95
56 71
332 353
379 404
265 290
1 29
383 425
387 416
168 172
427 433
198 201
150 151
130 163
75 75
228 230
168 193
144 167
288 320
247 284
211 250
310 340
50 83
178 195
30 60
286 324
417 433
346 374
365 376
353 363
365 370
305 316
351 355
377 414
91 99
118 147
424 424
378 418
271 294
431 432
322 326
100 122
319 331
226 250
412 421
174 217
413 419
97 113
298 330
106 135
345 375
168 187
308 337
45 59
194 199
55 85
42 46
237 253
213 250
207 226
244 287
128 160
354 393
73 96
211 249
375 386
104 107
42 42
41 59
152 176
126 162
423 432
378 392
198 210
85 93
80 116
49 82
62 71
22 39
341 376
92 94
235 243
294 321
328 332
254 276
424 430
75 78
379 399
148 149
323 333
271 289
145 182
251 293
10 36
25 61
218 226
397 412
8 50
10 19
388 396
83 84
114 142
169 180
146 150
148 166
265 288
150 192
344 385
430 432
401 424
20 51
394 423
90 107
201 235
213 230
93 111
198 203
181 216
23 39
233 251
104 105
78 79
313 346
42 58
181 203
333 365
7 18
336 373
316 321
197 202
42 83
254 274
210 213
29 62
243 276
145 161
201 206
217 259
180 214
196 206
428 428
387 404
332 355
15 24
76 115
216 217
283 297
239 243
396 402
112 143
264 275
106 126
206 248
233 249
169 179
321 332
373 378
240 251
386 410
349 379
343 373
13 21
114 133
143 163
408 409
421 426
300 301
422 424
129 138
294 311
388 429
221 253
327 346
191 191
341 382
157 185
375 406
171 176
144 158
132 143
130 171
255 267
43 62
382 396
212 230
321 357
428 434
213 256
187 201
66 92
277 289
287 291
317 327
158 161
245 280
17 38
121 151
188 210
184 195
5 42
286 294
413 427
222 248
30 51
305 325
95 102
405 429
144 148
119 149
59 83
197 200
331 332
91 126
321 330
19 54
250 291
201 233
420 428
52 72
356 390
399 404
38 63
199 224
73 74
183 222
141 152
129 162
382 387
204 215
73 88
280 319
415 417
263 304
376 380
326 363
208 219
210 232
55 61
124 141
60 100
66 96
420 424
81 84
419 423
212 227
346 384
306 326
308 340
145 177
282 309
282 306
198 236
368 378
56 96
348 349
386 389
212 251
228 255
220 226
115 157
100 106
275 292
216 254
28 55
413 429
319 347
370 384
147 188
3 42
134 160
75 97
100 108
217 254
382 390
412 414
303 326
95 104
43 43
258 270
398 412
345 359
420 422
81 104
164 167
1 23
348 388
378 378
280 290
349 358
363 390
431 432
155 159
227 234
234 256
160 198
149 165
328 366
264 300
342 348
217 260
401 412
289 322
73 110
345 357
245 259
268 284
398 398
217 240
328 345
314 355
210 252
36 43
336 359
367 398
253 256
132 143
179 187
163 174
269 293
4 28
430 432
378 385
129 136
28 41
32 55
366 366
174 179
21 31
144 182
125 162
130 137
244 266
63 98
365 366
260 291
123 124
366 396
289 329
3 30
69 91
80 80
5 12
383 417
144 150
418 426
419 419
196 222
95 95
153 185
163 166
110 125
345 380
185 189
431 431
94 96
242 253
365 398
330 333
426 433
82 94
322 354
360 361
159 159
165 166
137 147
101 131
18 57
384 386
257 272
333 366
170 210
92 126
152 173
238 240
23 43
238 264
345 388
110 123
283 286
364 385
156 167
33 45
94 134
249 251
101 114
140 161
346 378
324 365
22 43
325 334
326 332
224 266
345 353
232 238
97 131
239 255
153 188
214 216
360 377
237 244
130 137
398 400
214 237
412 433
366 398
71 95
225 262
159 177
415 426
387 389
343 382
281 303
91 99
214 254
311 330
72 85
341 365
98 136
364 392
127 138
73 108
7 23
43 79
236 260
23 58
417 424
154 168
184 219
392 425
5 48
231 244
417 429
97 98
153 192
209 225
178 189
222 244
194 229
15 51
289 316
169 209
349 352
314 347
374 417
190 193
392 404
90 130
60 64
89 110
137 148
165 191
265 287
394 425
10 12
71 91
10 44
142 178
394 409
431 432
263 270
162 163
192 204
209 225
32 58
156 190
28 49
338 357
381 412
409 420
318 340
269 302
34 69
336 336
76 101
244 269
419 432
356 396
143 145
384 420
136 168
377 413
417 426
313 316
374 374
105 115
209 219
147 174
203 212
79 114
187 201
53 91
191 221
184 210
296 329
326 355
34 62
415 423
130 133
240 257
171 195
210 221
45 78
19 56
429 433
22 45
402 414
288 311
296 335
385 396
236 260
89 95
113 145
390 412
121 152
394 417
201 228
385 388
369 398
112 151
272 296
403 411
363 391
422 423
229 252
197 201
163 185
75 83
400 403
6 7
18 51
315 316
106 139
313 340
172 209
135 173
229 262
176 203
106 122
277 312
427 432
399 416
245 246
161 163
129 145
290 332
58 63
319 321
33 52
134 153
364 365
354 356
4 40
54 54
75 78
15 38
98 125
53 94
399 427
355 388
345 377
122 134
15 34
203 246
420 432
220 250
85 110
83 85
248 279
119 133
23 50
365 391
260 288
195 236
291 334
360 365
431 432
350 386
62 97
325 363
48 58
315 323
394 430
65 96
380 423
254 275
324 337
15 54
273 300
144 160
419 429
8 25
279 290
111 141
118 127
305 348
154 170
184 206
146 175
88 108
113 129
365 388
231 248
166 201
2 20
328 363
165 174
343 353
74 108
79 96
74 116
324 347
319 325
46 66
116 141
282 300
317 344
378 415
49 57
416 422
256 288
105 107
178 194
152 171
71 109
81 86
432 432
43 65
409 411
357 362
392 427
262 275
204 218
20 54
264 276
53 91
184 221
376 408
420 424
87 128
388 415
183 183
362 395
119 158
372 414
291 329
381 390
416 425
144 151
127 151
31 38
234 256
308 345
326 347
172 203
278 281
345 358
33 52
84 99
251 274
8 40
344 370
318 331
395 410
363 392
32 75
419 422
289 321
360 368
245 275
415 433
114 152
427 427
172 201
0 28
270 299
279 293
166 176
411 433
199 223
79 118
395 395
78 104
113 121
363 394
9 44
142 147
419 432
103 135
74 77
46 76
135 165
269 308
294 336
177 207
170 186
103 130
374 381
229 251
162 165
414 420
166 177
267 276
187 224
221 238
319 351
124 135
149 178
219 230
417 432
406 408
345 371
236 272
234 273
105 146
372 405
250 266
198 221
150 174
65 99
404 433
204 230
316 342
95 118
232 254
247 259
115 154
242 258
351 389
259 280
206 208
370 371
333 369
42 81
421 421
393 420
127 134
351 360
240 267
317 345
47 62
380 418
241 265
373 415
182 191
321 337
351 364
134 146
335 341
307 321
370 370
120 149
31 50
314 332
347 369
205 236
348 364
351 374
168 188
293 318
404 417
94 115
321 355
202 240
0 24
103 131
343 350
278 321
392 392
104 137
184 187
361 378
157 165
366 371
115 140
123 124
29 51
357 381
80 85
153 182
230 234
80 98
215 218
291 293
262 290
402 417
352 382
430 432
307 319
431 433
264 306
112 125
318 330
175 199
430 431
136 164
269 309
256 288
45 84
146 171
68 99
176 191
331 358
407 427
187 205
143 153
336 343
201 234
432 432
368 401
184 205
206 239
87 129
18 27
74 97
393 398
313 345
362 401
1 39
194 215
128 139
418 427
226 234
247 290
261 276
42 62
73 107
113 142
156 192
77 99
76 115
194 220
54 68
186 201
79 118
43 64
101 112
24 42
18 19
17 53
200 220
56 77
144 161
173 180
164 181
295 305
9 44
136 179
377 409
192 214
160 174
332 343
368 379
134 159
413 419
272 291
71 90
426 428
409 428
396 399
84 101
340 378
14 37
74 107
55 71
296 330
22 38
48 65
183 188
427 434
122 161
389 399
203 209
316 351
416 419
50 93
183 187
114 152
196 211
420 420
323 328
0 20
280 303
47 67
393 419
381 403
429 431
84 121
349 352
215 219
325 368
272 301
368 410
190 199
412 416
418 422
101 144
126 137
211 239
225 263
399 410
364 407
413 424
77 114
119 119
415 434
264 275
372 389
403 434
82 109
47 50
304 341
123 161
2 13
143 143
175 190
111 114
330 371
203 214
342 368
284 311
142 154
113 154
224 224
344 383
184 213
409 409
12 29
112 119
274 308
371 373
268 278
166 195
36 74
113 149
334 353
169 208
379 401
148 148
264 306
324 342
267 306
384 384
253 270
299 339
91 97
70 111
138 174
406 428
130 156
422 429
72 97
42 57
177 195
177 215
189 191
330 354
117 133
343 376
352 366
121 163
140 171
334 361
197 198
98 130
408 409
290 317
355 382
246 275
344 375
196 202
261 286
424 430
411 424
187 188
193 213
174 207
47 85
56 63
336 376
319 347
255 293
146 162
152 178
113 117
404 413
378 385
432 432
313 327
326 348
4 30
226 260
46 84
322 324
261 278
141 182
267 285
161 178
385 399
88 117
136 156
337 375
0 43
355 369
424 428
365 382
63 101
158 175
267 282
414 423
423 431
410 425
83 83
419 427
281 281
262 279
230 259
359 375
35 40
239 239
175 199
394 412
381 416
263 275
137 179
223 231
416 422
337 341
200 209
43 65
162 203
249 259
169 200
275 318
341 342
430 433
147 153
303 339
292 312
289 317
336 345
323 360
299 321
325 330
41 67
231 263
103 130
190 201
16 34
124 140
90 117
310 335
123 149
222 265
396 414
117 117
98 120
222 238
311 316
44 73
186 199
38 75
148 189
353 354
130 160
402 419
375 378
46 57
181 215
295 308
178 179
187 224
249 249
99 124
225 242
156 163
207 234
54 72
85 120
52 59
287 290
105 148
299 309
148 191
38 75
42 57
387 429
419 422
175 209
155 198
212 231
367 367
185 213
24 31
108 133
28 70
129 135
203 216
235 241
172 203
353 368
299 315
4 47
426 434
199 221
176 194
194 217
83 91
275 312
364 403
154 157
71 76
234 259
383 387
303 327
236 244
342 357
409 428
146 166
387 415
290 305
402 413
59 89
135 161
53 61
422 429
350 363
95 96
388 425
354 379
159 159
367 388
380 395
381 410
159 173
390 393
271 276
11 25
96 122
400 408
260 274
223 261
130 173
145 163
237 264
280 323
73 80
292 332
265 267
251 268
223 250
219 262
40 72
366 368
122 142
233 243
403 403
241 278
204 241
179 218
151 185
125 164
282 289
81 82
306 334
285 306
271 279
4 23
5 33
36 52
359 388
420 429
286 299
324 367
376 412
280 280
356 393
311 335
119 137
366 387
232 266
124 128
414 432
3 23
431 432
209 216
342 378
357 385
220 220
335 376
415 425
232 255
70 112
191 219
407 434
175 203
283 293
294 301
80 83
385 402
137 137
361 369
222 262
1 11
156 159
164 183
277 293
375 416
321 345
13 29
193 230
179 220
122 139
41 58
184 220
149 152
408 429
420 434
335 370
310 350
118 139
365 405
96 135
98 111
257 283
39 49
233 259
315 316
355 386
150 161
85 91
157 175
210 217
117 155
114 154
412 428
425 427
217 221
195 236
1 22
406 416
120 134
375 404
212 251
143 164
341 373
411 418
315 348
109 122
292 296
43 73
2 12
383 412
316 328
207 231
164 197
65 88
343 346
1 31
61 81
23 48
138 143
23 40
222 227
91 118
281 308
357 360
206 217
27 59
197 229
384 399
142 156
127 132
168 186
197 222
403 406
391 400
386 396
130 149
44 69
216 239
313 348
385 423
105 116
330 336
284 327
294 303
272 284
39 47
373 388
276 294
167 172
416 426
433 433
392 406
287 317
188 215
200 210
295 326
433 434
172 180
147 153
122 146
153 167
191 231
23 60
389 422
148 149
207 212
80 114
0 42
74 113
217 226
211 224
218 232
314 352
26 62
35 60
236 263
158 162
181 186
372 412
214 240
405 406
166 199
235 244
281 285
387 420
153 156
200 207
35 47
85 119
6 49
214 241
98 128
364 392
114 154
308 345
51 60
38 76
338 367
88 88
139 161
386 398
358 365
41 83
242 261
430 434
85 114
101 109
228 261
318 333
169 192
259 291
164 186
11 21
404 426
154 156
402 422
228 231
179 179
63 93
221 233
210 230
92 131
4 25
239 271
133 149
168 179
236 252
348 366
335 352
340 378
315 351
341 355
198 205
127 157
398 434
402 409
367 374
146 161
249 267
146 169
268 305
224 245
58 64
365 396
280 310
412 413
257 278
63 87
278 297
133 170
331 343
93 102
233 242
9 51
317 327
147 169
225 243
88 95
213 231
161 195
328 366
93 112
121 135
73 79
142 154
205 218
252 269
310 350
359 376
169 174
140 158
406 424
286 302
22 29
341 368
299 339
226 263
234 276
287 290
193 194
246 251
207 245
353 385
297 323
119 150
102 121
108 118
403 424
429 432
145 148
104 121
4 7
64 82
240 256
65 108
430 433
88 91
80 80
415 431
346 387
103 140
226 265
194 214
17 33
325 347
218 235
49 70
422 426
277 310
24 61
92 131
317 342
381 422
53 96
20 30
69 108
376 397
385 400
178 197
176 184
209 219
73 93
314 341
62 63
131 131
8 25
373 399
10 30
232 236
433 433
74 111
126 129
52 87
278 308
290 323
42 81
228 266
55 83
185 195
217 231
318 322
256 281
284 305
62 80
393 421
296 317
200 214
57 62
103 111
116 124
349 360
44 83
5 48
363 403
273 292
195 217
143 186
39 62
85 124
125 146
228 260
316 347
259 284
240 276
116 140
398 428
194 230
141 151
381 389
403 405
341 350
138 142
124 165
218 231
61 82
251 275
96 109
371 382
350 383
148 158
23 57
180 180
119 136
261 283
151 177
93 114
389 418
373 377
257 263
429 432
298 317
25 59
271 273
195 218
373 375
90 104
317 355
112 136
220 257
78 120
194 223
290 319
219 257
103 145
231 240
385 394
252 292
83 108
285 293
252 289
34 68
339 363
320 354
267 269
397 428
321 322
433 433
191 194
90 99
239 245
302 316
303 346
49 89
373 393
17 59
210 214
361 387
267 291
132 175
142 185
136 140
164 205
52 84
371 372
62 76
352 364
198 216
259 268
54 95
379 390
125 162
25 44
230 267
82 93
200 224
178 205
246 273
47 72
317 357
172 176
1 5
414 430
432 433
190 192
218 226
200 242
95 116
387 407
276 289
389 396
14 37
235 269
36 38
162 163
17 30
103 119
7 7
147 182
342 344
318 340
296 296
119 152
408 427
317 351
69 103
243 248
280 308
254 295
140 156
232 269
26 40
309 331
419 420
324 367
261 299
296 336
59 78
385 421
375 377
216 233
65 82
398 422
309 325
244 258
342 371
163 200
258 274
360 372
78 90
380 381
5 33
63 85
392 420
344 347
300 307
343 368
310 344
275 291
198 241
77 80
229 244
46 68
108 115
117 141
233 261
371 389
380 405
287 310
238 249
394 415
403 412
162 204
215 227
127 139
170 210
348 386
61 92
368 378
184 210
166 186
413 429
316 316
157 174
189 204
302 307
32 57
162 189
79 103
302 318
174 209
140 152
207 228
118 126
286 328
353 394
86 100
173 195
200 241
184 207
152 183
223 237
21 62
51 85
361 400
239 248
169 188
157 183
182 184
265 273
0 2
181 223
177 185
386 413
193 216
356 391
196 221
95 130
223 247
241 274
261 300
369 369
263 277
178 221
226 237
173 212
337 352
226 244
384 420
429 432
214 250
45 75
421 421
246 289
35 43
381 398
412 434
187 199
140 159
74 84
147 154
399 409
344 371
93 97
70 91
349 359
146 149
53 57
129 171
161 188
116 155
247 285
214 221
77 99
319 352
278 314
43 81
1 14
126 166
166 203
415 422
214 257
273 273
227 259
1 23
428 428
10 25
397 404
234 240
7 29
417 429
50 87
92 96
229 272
404 415
89 101
282 296
330 365
195 206
109 144
357 381
353 362
314 328
430 434
23 66
402 416
14 27
298 298
107 112
401 420
344 353
287 298
130 164
152 156
345 376
237 241
73 111
131 131
67 73
78 101
293 293
404 416
180 182
106 148
415 428
287 321
164 178
229 267
56 87
245 247
256 266
408 417
54 84
194 232
231 265
65 103
312 319
43 53
212 213
203 225
111 131
329 352
50 85
164 203
18 43
324 334
77 105
117 136
411 429
127 166
431 433
380 389
75 81
20 56
25 59
150 175
103 105
123 142
367 374
249 288
46 86
341 345
137 144
75 79
242 259
186 195
258 267
269 274
83 98
191 198
150 175
67 77
287 298
367 386
148 168
343 364
29 45
50 81
302 314
246 278
25 35
213 254
136 161
414 426
262 279
212 212
218 233
204 214
418 425
47 54
344 373
211 221
364 382
99 126
402 432
294 300
95 114
71 93
23 48
100 131
396 432
412 415
41 75
73 93
109 128
122 144
351 393
182 207
3 39
64 94
232 256
15 18
427 434
294 320
276 297
266 279
125 145
57 83
267 310
397 400
130 147
49 58
401 431
281 309
361 372
199 220
423 423
411 425
202 220
351 368
350 376
24 35
33 65
165 169
423 430
296 333
28 55
393 420
43 72
10 37
323 363
338 357
269 290
232 264
411 423
166 206
102 116
352 358
127 157
259 290
222 246
98 109
70 109
220 253
90 100
87 130
149 154
123 141
333 362
308 324
386 403
333 372
2 40
186 227
56 74
98 122
208 240
48 76
168 199
135 173
239 250
54 74
178 202
300 338
58 100
293 328
183 204
383 388
274 280
326 327
190 216
330 368
26 39
301 340
91 100
330 345
368 401
232 245
383 399
334 366
372 378
193 194
151 155
84 122
20 63
399 428
113 156
321 323
369 390
57 58
114 149
149 161
107 113
208 231
384 392
142 142
218 242
138 163
277 320
310 322
260 267
164 174
129 138
325 332
379 418
378 420
155 171
257 265
134 149
127 136
306 312
97 126
21 36
388 408
408 416
433 434
248 260
373 377
183 204
181 187
33 59
288 320
207 235
40 83
9 10
46 74
348 369
377 389
175 212
247 284
246 262
66 71
70 102
390 432
297 310
187 226
139 171
239 245
116 159
422 430
128 171
156 175
136 149
92 128
171 188
232 233
5 41
360 385
210 243
140 169
131 133
5 18
390 414
379 421
245 246
393 400
201 201
336 379
18 60
327 345
116 135
340 347
407 429
99 139
254 288
115 135
290 299
406 407
7 41
120 121
371 385
50 54
118 124
163 171
203 235
236 254
302 345
45 61
74 82
259 299
404 413
279 291
151 163
8 22
134 172
82 112
136 154
160 169
175 179
430 434
104 135
75 114
335 364
249 265
96 96
98 128
174 177
77 105
248 265
274 291
360 392
151 165
339 340
211 238
411 429
101 140
294 317
339 372
4 45
35 37
115 147
197 221
350 362
169 182
325 360
81 86
240 240
121 157
116 155
143 179
403 411
10 23
336 369
23 64
150 165
129 159
281 324
291 301
163 192
257 272
417 427
64 99
162 173
350 355
416 429
352 376
122 152
30 50
302 309
101 116
277 320
305 327
170 195
350 361
114 144
388 421
416 428
225 247
266 277
26 55
308 349
165 205
378 402
385 420
120 162
40 82
290 296
245 268
299 325
150 182
15 50
89 97
286 292
155 170
224 225
414 420
23 35
22 42
209 231
337 344
13 20
201 224
60 70
196 220
393 396
135 144
83 87
100 119
71 111
329 371
321 323
307 310
79 94
375 398
356 356
367 403
274 278
95 128
74 87
317 344
249 281
338 351
281 290
423 434
102 125
165 195
161 181
144 174
422 424
401 403
222 256
431 432
407 434
340 361
134 151
26 62
393 404
379 395
323 330
100 115
352 395
395 419
398 410
61 65
204 229
377 378
264 296
180 186
421 423
53 64
228 248
175 199
337 337
328 344
104 124
43 47
1 37
258 293
351 386
104 104
167 207
173 215
252 295
264 269
185 224
110 148
308 320
224 231
322 342
280 298
138 175
421 422
41 84
312 348
386 402
230 257
265 308
323 359
356 381
373 396
75 76
103 134
72 79
410 422
9 32
130 163
36 47
231 246
234 252
271 273
408 411
95 136
305 318
84 85
64 68
330 373
325 365
81 86
276 304
236 279
7 24
14 28
243 267
335 373
417 433
298 320
282 321
347 388
388 422
34 48
344 366
301 335
378 397
110 143
335 349
201 227
124 163
302 310
85 103
423 424
286 318
364 396
276 310
29 36
255 269
121 131
182 195
148 159
182 206
280 282
282 293
276 303
250 265
84 97
159 163
94 107
261 283
243 286
189 220
51 79
156 189
311 345
48 75
78 114
195 197
46 55
334 344
352 366
129 140
206 215
372 377
382 419
187 225
377 417
4 6
144 156
413 422
377 398
374 380
428 428
299 300
190 219
239 278
10 18
229 246
230 231
384 407
275 313
201 211
364 378
104 131
392 407
343 383
108 140
46 75
363 395
233 242
426 427
145 179
45 49
228 235
178 203
254 275
412 428
77 81
38 76
187 217
351 362
417 419
404 408
79 103
40 58
245 252
273 308
387 414
80 115
311 323
304 324
222 229
41 70
320 343
336 355
349 372
360 386
100 135
9 41
376 387
184 225
224 233
137 149
174 217
85 94
87 122
18 21
283 312
276 276
418 429
49 91
221 247
235 263
12 49
297 331
366 368
128 137
349 365
229 248
425 427
156 161
107 145
48 73
174 201
404 405
160 167
157 196
268 292
137 170
201 240
271 298
315 352
201 203
9 38
345 360
64 95
302 302
129 149
279 286
253 254
278 309
267 276
140 149
269 280
142 162
137 160
43 54
21 57
210 229
398 413
303 320
157 174
229 270
420 432
178 191
409 428
94 137
23 47
370 398
184 209
16 45
231 242
175 203
333 368
309 341
186 198
372 412
0 24
201 210
234 271
323 353
64 73
398 425
85 105
366 375
161 173
92 102
319 336
386 386
114 120
130 172
69 77
412 429
369 410
183 215
208 208
222 236
125 132
340 365
102 135
323 355
94 111
178 194
95 122
411 430
361 399
83 96
381 382
298 305
276 281
47 68
177 219
56 58
161 199
290 321
228 255
20 20
275 304
430 434
411 430
10 44
84 93
273 309
14 48
148 160
433 434
13 33
57 96
245 251
145 185
89 102
264 302
124 162
316 359
48 82
244 267
261 285
433 433
69 101
323 348
314 319
212 242
428 432
53 65
359 376
11 50
148 148
77 104
24 54
226 260
309 329
162 184
95 129
350 374
268 296
347 380
83 83
43 83
251 290
11 30
423 431
97 98
351 379
267 279
209 236
416 430
22 27
155 155
198 222
45 80
275 300
71 85
65 106
102 122
306 348
286 299
51 58
57 73
62 102
203 241
106 139
175 191
291 299
291 308
194 195
348 383
281 299
419 419
24 55
95 133
25 49
5 44
175 204
157 191
74 115
197 199
248 253
63 97
178 181
59 84
373 411
319 354
383 383
224 259
393 434
348 366
272 297
106 117
14 52
417 422
11 21
202 212
103 130
171 197
394 422
326 350
400 400
282 284
158 193
124 151
108 145
284 308
86 102
84 99
108 119
170 194
53 61
29 29
27 37
121 153
263 282
298 328
390 416
97 131
397 425
188 204
77 117
378 398
155 184
372 389
368 380
235 250
81 107
430 432
395 426
156 184
99 103
340 379
265 295
23 53
284 318
117 139
361 381
200 234
427 428
398 401
74 82
309 346
103 144
64 66
303 308
45 63
351 364
21 40
399 400
285 303
217 255
345 346
174 216
158 184
111 111
313 321
260 280
60 64
37 62
49 64
385 394
180 198
291 295
293 323
102 113
206 240
69 112
75 108
49 75
192 204
281 282
342 346
31 38
421 424
366 387
278 299
426 434
264 293
191 212
5 30
223 260
160 198
64 88
103 110
330 353
205 218
186 207
351 390
245 271
338 376
181 207
66 94
234 272
185 202
232 237
39 65
329 364
53 95
116 146
0 9
287 321
283 322
74 101
282 315
264 269
27 69
224 263
105 113
68 106
232 259
291 307
48 75
11 31
410 432
272 277
61 74
301 328
266 289
103 127
368 410
335 370
102 107
277 294
294 303
430 433
6 38
375 412
193 219
174 183
416 424
52 64
4 5
122 123
389 415
342 345
48 86
79 91
60 88
254 293
172 203
100 100
379 405
183 192
276 301
235 264
312 319
411 422
58 69
386 390
421 421
125 162
137 166
3 12
229 244
413 431
220 242
51 60
234 261
414 433
174 212
275 276
84 115
263 294
308 310
232 249
314 335
211 253
8 15
414 423
39 58
273 298
128 170
193 221
376 402
159 167
54 97
397 402
120 155
382 418
262 287
339 363
421 421
408 421
407 419
127 169
187 201
349 390
308 324
236 249
53 63
153 196
160 167
290 310
124 156
157 199
155 173
319 347
408 421
432 434
204 217
143 185
32 50
421 429
383 405
347 386
2 27
399 428
374 388
316 346
414 414
406 433
77 117
242 268
344 385
130 173
80 108
181 202
202 227
175 214
264 297
280 302
272 306
155 165
223 251
207 240
410 417
123 165
415 430
194 219
44 64
130 168
356 386
416 434
208 213
298 323
155 185
21 28
13 14
329 350
171 212
144 170
146 148
165 178
322 353
67 101
376 393
100 139
124 152
176 215
393 394
304 339
117 120
17 27
73 91
5 36
108 121
119 135
274 280
219 223
332 340
424 431
221 237
57 72
73 73
109 146
415 427
265 295
69 95
297 331
187 220
130 161
218 218
354 378
328 347
316 353
184 190
112 144
162 191
363 397
312 344
17 20
334 362
388 425
5 26
263 283
50 64
47 65
104 106
12 37
241 273
182 211
127 164
169 203
96 120
206 249
375 386
373 393
175 191
137 154
428 431
417 426
413 420
310 317
314 329
227 260
130 143
105 119
47 88
133 146
103 104
207 222
307 311
368 397
364 396
408 432
177 205
203 207
36 66
303 310
171 210
199 211
294 332
71 71
126 165
431 433
231 264
245 286
5 26
82 83
421 423
272 291
338 373
381 388
254 280
186 211
370 413
19 23
131 158
408 420
402 413
427 431
277 315
330 371
97 122
49 74
272 300
16 53
335 366
215 242
408 430
250 280
382 403
14 40
89 109
273 303
335 364
153 165
2 35
166 199
415 427
173 213
22 22
54 61
101 125
295 303
246 288
47 65
183 202
314 326
151 160
36 57
329 342
316 353
2 45
237 264
216 218
160 187
177 181
278 288
77 91
356 396
129 133
125 149
45 60
203 209
44 67
197 230
430 432
338 358
190 204
71 110
131 166
169 187
126 131
276 277
346 351
159 171
387 390
293 310
313 332
285 305
334 350
300 330
320 341
315 340
225 237
408 408
219 222
167 203
90 131
414 418
193 222
135 166
11 20
272 304
320 326
318 351
250 271
14 49
413 420
144 179
385 396
168 196
391 401
356 362
40 57
103 120
286 328
300 318
348 377
130 148
343 378
79 104
69 108
227 264
325 351
178 208
263 284
349 377
203 240
88 119
346 360
184 190
277 293
39 55
320 342
279 281
298 302
235 236
38 78
217 224
180 187
358 358
68 81
127 134
151 169
256 272
260 302
327 359
115 131
64 71
123 153
393 402
180 180
388 421
367 389
258 292
398 401
423 429
410 420
324 340
158 196
258 290
304 307
112 150
253 293
233 252
348 380
56 67
270 297
160 164
366 397
106 131
168 174
354 381
129 164
373 385
217 251
158 190
92 96
332 361
135 177
211 228
36 44
286 301
58 63
276 319
180 217
76 105
57 80
152 189
202 235
269 295
398 432
41 41
80 120
393 403
366 382
118 151
146 156
275 313
194 216
402 427
134 141
395 429
54 67
270 310
50 91
356 363
414 422
16 27
33 74
43 71
105 117
308 318
83 89
427 434
319 345
218 233
305 321
118 157
7 19
315 336
150 193
234 277
264 271
209 251
120 150
29 41
322 342
291 328
305 305
412 413
144 181
79 79
83 113
383 388
56 96
347 367
289 324
70 87
26 32
335 371
256 299
143 176
326 336
28 65
150 150
240 269
112 135
361 398
345 365
68 71
416 424
16 48
223 244
156 165
284 289
343 349
325 349
87 106
150 175
154 157
9 39
54 72
299 320
155 193
196 210
132 158
72 92
72 93
108 113
50 54
399 418
204 223
173 210
124 125
122 139
21 24
235 262
123 149
211 216
95 133
228 232
365 390
256 295
420 433
65 96
84 102
235 259
128 152
269 283
217 248
206 211
87 95
285 318
197 213
78 110
181 199
129 151
29 58
103 135
119 144
399 411
71 78
384 420
124 124
392 393
236 259
229 244
396 396
225 262
368 392
418 421
2 7
424 428
255 281
126 163
199 239
296 314
170 175
428 434
228 248
73 105
401 415
304 314
361 396
313 317
427 430
93 133
252 288
300 323
133 144
43 51
410 426
209 248
235 242
24 29
56 80
109 134
406 420
406 418
67 71
117 153
290 295
207 216
125 155
429 432
180 220
301 344
86 87
125 146
30 37
421 421
333 372
396 424
293 325
148 176
270 278
255 274
221 246
418 431
354 382
148 171
178 180
331 347
318 338
430 433
101 110
121 139
283 313
146 170
231 264
86 92
10 18
13 32
179 219
244 255
393 396
62 76
37 70
77 79
268 305
173 206
253 288
92 109
238 266
272 278
303 342
418 433
85 104
160 166
34 52
145 178
148 182
308 312
10 10
426 432
414 427
325 342
422 422
70 74
114 156
351 370
287 289
331 356
9 48
347 370
2 24
3 37
414 418
336 363
49 57
165 182
175 186
300 324
18 35
302 303
282 321
361 366
89 126
386 421
185 221
405 423
428 428
430 434
53 88
218 255
232 237
330 367
72 76
351 388
319 332
22 59
265 285
245 287
392 401
355 356
170 174
352 395
50 59
153 158
118 137
421 421
114 132
77 88
215 250
258 266
347 364
278 279
43 76
348 360
278 295
299 316
190 210
171 197
337 358
151 178
381 419
80 107
34 65
373 391
296 332
206 235
333 336
21 24
264 265
326 360
253 255
353 374
59 85
26 33
287 314
384 416
414 433
28 66
23 44
89 92
250 256
342 378
204 235
227 256
77 105
241 249
90 97
77 116
262 300
52 82
108 132
29 53
32 56
417 417
239 255
342 374
29 30
130 171
235 261
217 251
392 422
116 121
339 352
192 198
3 11
126 145
355 382
63 82
367 389
62 89
322 337
366 368
255 289
303 323
394 428
248 278
399 401
160 183
158 190
187 205
22 28
314 320
194 195
26 44
186 229
345 351
38 45
346 367
272 281
39 45
129 153
222 222
393 424
330 371
138 161
280 322
216 251
429 430
2 44
181 224
233 273
233 234
151 167
315 341
93 110
3 16
97 104
330 332
260 283
333 372
132 174
113 153
65 90
249 280
289 318
430 433
180 201
389 429
252 269
389 400
185 204
390 404
6 6
405 408
118 122
273 303
120 143
53 60
156 177
389 401
387 389
104 143
160 189
145 185
59 77
101 143
386 396
61 75
338 354
354 397
108 109
6 38
428 431
105 116
229 251
342 342
413 424
120 121
323 332
98 113
290 330
365 386
120 151
12 23
186 225
159 193
176 182
7 29
210 211
136 148
258 278
220 245
391 432
174 213
407 407
160 170
53 68
432 433
349 383
121 128
76 92
308 320
284 302
61 77
48 63
301 319
240 281
100 133
261 272
33 65
169 212
430 434
321 343
60 91
320 358
14 46
10 53
68 86
417 425
140 159
223 252
180 222
411 414
243 285
89 131
408 417
255 257
99 116
30 68
172 214
171 203
369 397
119 124
292 298
146 167
181 202
56 96
79 89
155 165
225 263
70 71
349 355
245 265
65 65
190 224
21 39
54 81
310 332
230 252
395 412
365 373
85 121
301 329
161 192
181 184
21 45
313 323
280 320
176 209
323 359
211 222
245 268
148 172
14 32
297 330
77 113
252 270
374 392
322 358
13 43
135 153
8 44
402 402
270 279
320 327
182 202
281 313
33 50
214 216
274 313
188 219
422 422
306 342
15 24
262 287
163 196
329 359
92 102
53 89
24 33
320 343
2 9
65 87
386 414
254 296
111 142
333 357
414 432
181 207
327 343
393 421
132 170
16 31
149 159
409 421
193 233
56 80
110 153
222 223
425 429
70 97
253 290
203 205
195 204
417 430
426 431
247 287
379 414
201 240
18 54
360 371
416 430
294 301
149 176
27 67
432 433
354 372
86 107
54 78
203 227
272 279
47 64
355 397
140 150
394 403
374 378
220 237
405 418
305 344
375 398
182 190
113 136
82 125
53 53
50 66
82 107
329 348
191 219
73 74
26 52
123 149
122 132
222 232
168 195
29 71
149 152
433 433
333 355
418 420
343 343
52 87
414 431
104 115
88 119
405 410
286 292
23 61
301 303
72 108
2 33
77 93
309 336
221 222
295 338
166 167
25 59
48 60
343 361
219 234
22 36
98 115
380 416
312 351
399 423
40 50
60 73
433 434
148 179
420 429
145 161
312 342
307 345
155 195
384 409
14 15
26 31
413 428
57 60
366 368
86 111
91 105
354 396
11 35
3 10
292 308
106 136
134 151
191 192
189 227
46 77
153 193
95 107
356 383
225 256
9 40
85 96
104 145
105 128
136 145
182 189
318 348
37 51
226 255
165 194
88 103
428 433
235 261
412 415
143 179
133 149
174 207
433 433
84 94
124 154
416 425
90 121
238 252
308 314
336 359
31 51
357 371
102 138
93 113
37 44
338 345
404 404
297 334
46 60
381 395
213 246
47 82
181 188
135 144
280 312
20 55
211 223
328 360
318 345
234 251
389 431
333 367
2 35
46 76
197 228
175 207
33 68
194 217
10 30
11 48
254 261
369 393
5 24
328 369
13 34
320 345
23 44
295 300
134 175
416 427
169 178
76 101
401 428
97 127
398 398
204 230
172 210
322 348
415 426
165 169
152 154
245 255
73 102
309 318
346 361
250 283
80 98
170 210
259 282
92 93
397 430
105 112
271 310
146 184
25 31
205 211
39 42
360 374
116 132
369 391
259 280
366 409
14 47
240 282
142 148
326 338
328 345
96 137
206 243
343 343
420 434
79 113
137 171
387 424
344 344
379 414
218 242
298 329
24 54
196 231
7 31
310 328
258 280
257 289
145 153
349 356
115 145
413 434
333 357
282 318
270 286
158 163
427 432
255 287
124 129
80 86
104 141
232 264
223 241
143 174
112 120
55 67
195 210
9 31
372 378
240 274
18 37
304 307
299 333
245 251
80 86
58 85
105 110
294 319
226 249
91 121
206 227
24 51
408 432
402 429
70 73
43 79
117 140
23 33
401 426
300 303
58 95
211 215
411 427
290 300
232 272
134 152
382 393
191 206
35 78
220 261
409 419
142 176
406 414
388 397
293 326
36 72
189 211
98 116
191 197
246 260
391 408
214 237
239 241
70 82
58 68
167 197
270 307
145 188
45 76
213 242
262 275
392 409
355 372
57 57
212 247
430 430
388 398
401 423
98 133
287 319
125 148
214 247
348 391
108 136
325 328
394 418
15 38
375 404
403 409
122 134
10 26
260 286
303 310
31 49
139 179
186 194
66 68
240 252
326 369
330 366
119 162
2 9
204 234
313 348
144 145
19 25
283 310
261 286
405 423
300 341
182 224
211 245
110 130
257 273
396 413
41 65
218 229
192 196
36 74
122 137
11 50
39 66
285 326
324 364
271 280
365 400
124 138
398 412
237 240
183 215
173 183
231 231
78 117
292 295
93 136
172 205
398 420
170 209
208 235
146 180
101 139
162 205
368 378
367 383
175 207
288 290
215 255
171 210
203 218
196 209
386 411
200 212
149 192
306 307
324 331
313 333
58 85
191 230
308 340
409 428
269 269
314 356
289 330
24 45
418 429
358 395
342 342
401 414
28 31
258 292
111 122
345 386
56 56
212 224
279 289
185 188
398 427
135 160
14 19
186 222
74 114
60 61
119 159
337 368
109 142
398 414
201 219
215 237
408 414
112 141
42 52
245 254
186 215
189 224
174 191
427 428
11 11
15 20
382 387
242 265
222 230
357 388
224 263
352 374
307 314
129 152
81 92
289 310
314 333
173 184
106 125
101 120
166 183
196 230
133 152
370 370
159 161
334 349
312 352
123 145
217 230
189 198
304 325
40 46
336 359
346 363
90 106
316 343
6 43
273 289
405 426
344 359
110 128
218 260
23 43
212 218
349 383
352 364
46 73
108 117
217 217
229 248
47 64
251 291
53 91
42 76
133 152
244 252
237 253
245 269
75 102
241 242
230 230
156 171
233 268
39 60
310 318
342 357
406 429
407 427
142 180
298 327
63 84
166 208
13 20
129 137
175 188
70 106
218 240
350 393
343 371
266 301
293 307
244 281
151 158
218 233
290 313
11 11
366 385
229 266
181 194
366 373
322 356
229 259
210 253
75 115
370 376
377 387
21 59
279 313
79 119
226 264
47 67
15 15
417 422
357 396
146 179
276 292
370 408
401 403
61 82
124 145
159 176
194 201
187 187
265 270
409 418
123 132
234 255
407 407
102 133
55 88
364 404
177 217
254 255
291 305
31 38
331 362
68 94
430 430
362 390
367 391
349 373
274 289
330 367
325 334
32 57
157 171
175 203
297 327
193 204
270 305
346 375
226 235
312 331
81 107
84 123
229 241
50 81
412 430
3 29
125 148
24 60
209 245
404 411
129 156
269 298
303 306
329 332
118 154
92 105
332 352
161 172
57 68
173 194
75 113
185 204
286 311
402 405
216 219
318 332
374 392
201 218
368 387
353 362
11 42
207 212
223 266
62 63
185 190
148 158
123 138
41 53
119 162
51 52
202 222
241 246
134 134
219 231
35 46
325 352
255 278
225 230
112 132
310 331
426 430
353 359
350 354
2 36
364 391
94 137
210 225
244 257
367 376
194 233
192 206
118 151
243 274
10 28
378 416
89 113
287 295
151 152
353 393
33 64
371 409
431 433
88 115
362 365
212 220
69 77
232 233
220 235
151 172
364 373
119 129
290 294
272 286
283 302
188 231
62 70
52 79
166 172
138 179
165 169
239 253
80 121
216 227
219 253
62 96
429 430
408 426
28 63
365 391
48 64
141 171
205 246
99 103
0 27
247 247
274 292
276 290
104 105
12 53
104 112
410 432
293 310
383 422
341 349
242 246
117 121
307 328
322 353
249 278
54 95
107 108
188 227
282 299
310 337
156 179
44 82
17 32
329 344
70 73
62 64
142 156
370 413
148 171
241 249
367 406
92 96
298 309
27 61
345 380
288 289
121 129
393 422
8 26
124 162
168 206
378 397
1 26
329 339
15 40
192 214
231 241
167 208
117 136
308 331
29 72
356 362
51 59
388 423
331 341
201 227
95 132
53 75
315 334
23 62
279 306
153 164
397 412
410 415
403 420
214 239
113 114
39 45
328 341
96 106
198 201
294 337
155 166
207 238
409 433
205 209
249 257
282 283
30 71
156 188
61 77
195 233
203 245
20 57
52 52
203 220
250 278
210 243
21 43
405 419
388 400
405 408
117 129
273 300
382 411
117 141
400 414
17 50
34 40
190 217
294 302
278 317
390 411
263 267
259 261
394 413
50 84
6 28
315 327
220 240
7 49
429 432
369 396
63 65
120 124
296 336
413 428
70 96
433 434
196 216
365 405
109 115
409 413
205 212
213 245
179 193
412 429
1 27
235 262
30 43
19 32
376 412
3 20
163 188
321 339
36 73
292 296
313 356
218 259
318 350
281 304
178 214
193 234
204 233
67 83
17 60
288 312
328 347
200 207
23 27
342 359
325 332
230 235
220 230
99 102
388 388
365 367
206 232
248 256
95 96
176 179
303 305
307 345
125 127
204 241
385 400
266 287
156 162
388 423
310 345
148 183
315 354
325 333
4 24
298 325
108 150
238 245
52 71
237 264
246 253
320 346
210 212
419 420
3 6
348 360
164 202
156 194
76 80
44 62
362 372
412 425
318 341
387 416
344 366
372 374
159 178
228 254
383 420
394 419
411 419
358 395
193 205
47 74
152 193
293 300
87 115
354 389
224 266
341 374
274 302
44 71
63 90
56 83
233 269
127 147
47 86
257 298
343 378
303 306
17 54
130 171
334 364
16 39
50 60
55 65
203 206
20 27
225 258
389 403
358 374
334 344
259 261
119 137
93 106
235 273
304 316
365 374
57 70
70 91
94 137
157 174
243 248
108 126
339 362
96 110
20 51
341 374
298 309
255 275
404 430
151 186
202 217
95 96
129 132
16 47
297 303
209 222
39 59
246 246
392 402
21 58
400 406
253 265
139 180
349 373
34 56
271 273
57 97
172 181
304 309
131 164
238 279
228 263
284 298
68 95
7 38
374 405
259 269
90 94
52 59
99 117
96 134
74 74
294 326
386 410
301 313
172 196
6 7
33 43
120 134
203 237
188 194
304 337
275 288
430 433
162 177
98 111
365 380
255 272
322 349
108 127
241 243
243 271
413 427
336 347
174 210
324 335
276 316
279 318
227 256
247 272
235 235
86 128
365 392
334 338
65 79
38 47
208 249
140 172
397 408
127 161
170 197
17 51
336 341
139 147
292 320
165 183
114 132
261 281
23 64
397 413
384 427
24 47
257 261
6 47
54 58
373 415
235 236
82 102
76 117
394 409
396 423
63 79
146 147
189 205
313 326
222 224
47 59
151 176
187 217
115 137
202 219
326 350
24 45
145 170
146 162
55 88
432 432
170 209
323 348
105 139
226 245
366 391
67 102
311 333
416 421
215 243
219 253
340 351
29 40
177 189
185 195
107 136
43 54
409 419
274 312
52 53
17 52
433 434
13 19
195 210
245 273
185 211
209 238
140 176
273 292
279 317
124 135
254 254
353 392
180 222
358 362
308 321
346 367
371 378
177 192
169 180
22 49
251 288
128 129
126 160
313 343
247 261
402 408
2 17
288 311
99 105
353 364
303 346
98 103
39 45
59 75
183 186
284 306
331 364
230 267
60 90
101 115
223 256
231 234
397 397
255 298
39 70
331 351
354 377
297 309
295 310
104 124
208 210
226 259
38 51
188 191
381 408
429 433
43 50
201 218
118 118
411 434
224 228
222 259
369 397
198 218
388 415
396 415
20 53
98 134
203 208
405 425
29 47
317 333
322 353
106 125
252 262
11 50
134 152
244 276
270 305
104 110
132 173
221 238
63 106
331 366
262 265
52 70
347 390
51 74
72 90
32 55
172 211
14 29
248 276
45 84
222 245
70 73
335 365
31 61
152 181
21 23
217 229
113 144
101 118
321 364
381 404
359 398
133 161
256 264
306 337
211 247
191 228
114 139
200 205
351 373
124 163
401 408
414 429
126 127
241 258
43 61
82 108
239 240
418 423
109 121
177 216
316 349
163 188
224 238
143 162
259 260
268 304
64 65
27 33
142 150
4 42
271 277
90 131
196 199
242 282
212 244
75 102
14 50
143 165
136 152
275 295
214 237
244 261
175 207
93 110
64 101
386 399
291 312
365 383
184 215
140 175
84 93
344 376
333 353
378 379
198 211
402 430
93 122
380 381
344 363
261 270
91 101
11 41
3 13
341 342
12 23
237 260
79 96
369 402
419 419
262 283
298 322
24 29
287 324
380 389
149 172
91 93
57 85
348 371
141 165
235 270
213 215
27 36
84 122
320 343
150 176
299 334
67 72
290 307
172 188
394 426
4 43
141 160
312 324
283 310
107 116
175 187
94 130
324 343
166 200
57 63
125 166
141 179
192 231
308 336
288 295
383 406
65 87
226 267
408 412
20 20
132 168
419 426
123 128
12 45
361 388
3 24
369 378
116 123
236 260
398 433
379 395
105 115
28 50
78 93
187 217
222 245
417 432
49 81
189 202
380 398
20 52
64 92
113 147
349 366
383 422
143 152
45 50
212 216
202 228
423 429
5 25
267 290
43 79
230 259
256 260
135 170
412 412
52 56
397 397
341 342
347 347
339 367
266 286
70 92
428 428
162 187
72 80
424 431
8 21
87 114
148 162
173 205
167 204
128 129
383 387
44 83
243 251
390 431
360 367
152 187
299 320
63 92
20 48
330 366
194 226
176 177
413 419
110 114
271 313
363 369
180 188
82 124
152 165
267 299
151 164
83 110
237 262
372 382
211 237
294 323
232 234
95 120
154 162
16 27
155 198
91 131
399 400
13 28
339 367
65 72
191 201
162 170
419 432
158 185
210 231
210 218
367 372
224 251
67 82
412 431
86 102
292 298
428 429
68 105
164 165
230 257
21 50
268 272
115 128
142 158
310 351
210 234
379 385
200 220
274 308
109 146
77 78
123 148
162 185
282 319
259 288
30 41
126 146
90 93
84 94
88 119
10 36
230 263
231 261
13 37
320 359
105 112
327 330
388 413
222 229
273 303
352 374
167 168
411 413
203 221
397 429
322 327
184 184
9 25
284 307
207 237
256 292
116 133
348 372
67 84
218 227
335 372
353 383
385 422
424 426
332 357
10 40
214 243
262 285
174 203
217 248
377 404
428 428
314 316
270 303
6 16
53 64
128 158
140 167
124 136
221 229
8 11
226 240
132 149
185 188
70 89
322 362
243 273
387 409
239 258
408 418
310 349
136 139
417 423
427 430
38 72
369 412
85 118
367 402
353 390
184 224
149 184
211 227
88 108
192 196
320 336
171 195
347 371
85 105
38 41
368 384
258 276
421 430
133 139
370 377
200 230
130 161
230 247
109 151
109 133
411 411
138 178
23 44
45 84
27 41
229 233
177 177
393 409
224 238
177 216
354 362
427 427
185 211
155 167
211 244
415 426
386 398
379 399
391 398
331 337
379 396
83 118
27 37
398 417
348 363
47 62
405 417
398 429
371 409
218 258
240 267
154 187
184 227
233 260
152 169
90 99
329 361
13 32
279 317
357 366
355 369
25 64
142 179
38 55
350 390
84 126
104 127
344 385
378 415
207 220
100 142
290 319
11 12
237 242
390 430
265 293
99 104
414 418
234 260
55 83
290 308
87 105
330 331
179 195
101 119
401 407
344 372
73 83
284 308
123 152
432 432
248 257
374 412
238 272
229 247
413 417
219 261
151 194
320 321
61 82
292 314
279 281
93 123
230 261
343 346
146 188
230 244
124 128
98 125
272 272
297 316
125 137
241 268
218 236
102 121
312 349
233 246
412 415
39 71
163 191
113 148
150 154
222 256
276 286
432 434
232 251
137 177
65 94
96 100
31 41
314 353
74 113
144 148
308 324
190 208
268 299
22 42
1 26
384 384
348 387
227 260
284 284
283 288
371 386
254 297
227 227
261 271
140 140
108 149
361 390
87 102
420 422
361 379
15 37
2 18
110 120
140 179
183 209
147 157
222 247
172 179
158 182
81 123
129 148
60 61
118 159
321 339
191 212
407 421
315 320
281 320
332 348
257 273
355 386
197 228
13 24
35 71
64 73
96 100
225 262
230 271
232 264
147 159
363 396
164 198
176 194
9 20
175 175
83 103
159 166
430 434
266 297
316 350
423 430
159 176
86 88
55 74
291 299
88 98
331 340
361 361
194 223
322 364
232 267
69 96
281 320
160 165
115 129
263 292
430 434
91 122
369 378
130 155
121 159
416 427
53 55
282 304
335 340
375 401
139 140
305 338
119 150
184 195
340 351
284 293
172 181
112 112
342 361
39 72
218 239
69 75
262 262
158 192
369 383
369 374
312 337
87 121
400 418
181 213
115 135
210 232
188 200
407 433
269 280
311 320
231 238
336 365
308 322
69 99
85 102
40 41
211 222
306 328
348 361
232 245
259 284
380 420
167 180
43 86
323 325
27 31
264 268
302 325
315 328
180 188
379 385
173 201
293 297
409 433
293 324
379 398
423 426
341 360
258 282
224 258
376 403
83 112
5 26
105 131
322 330
288 311
213 245
2 23
60 80
348 364
369 390
420 423
383 401
145 185
408 419
383 389
210 249
362 388
251 277
282 306
279 295
269 296
88 112
246 277
224 238
372 393
297 335
113 139
45 62
358 367
152 169
137 162
386 396
171 185
298 316
34 53
48 77
290 294
309 330
286 310
110 149
366 400
250 289
270 306
94 131
98 114
133 149
152 170
294 321
192 221
329 339
45 50
270 280
374 376
336 348
340 355
257 300
292 313
208 223
367 384
44 73
293 332
359 380
194 219
101 132
99 130
118 155
102 102
197 224
186 211
77 81
155 175
31 64
187 215
169 193
63 90
403 409
429 429
210 213
430 434
107 140
293 301
105 121
171 190
293 298
334 339
335 357
98 105
8 13
160 165
367 382
69 98
290 329
284 293
171 194
339 352
302 344
159 167
103 129
403 421
69 73
196 218
194 236
284 296
31 35
179 197
407 421
190 209
257 282
358 362
314 314
238 244
157 186
248 284
378 398
45 50
246 281
315 351
60 83
359 359
66 80
71 85
132 173
202 239
330 358
361 373
295 314
405 416
140 167
94 96
347 373
267 271
376 395
216 232
361 395
369 402
429 429
387 408
274 298
61 80
232 251
76 101
9 21
222 237
411 415
397 434
102 109
30 57
353 388
373 377
24 46
113 133
44 61
233 260
63 88
126 159
32 54
12 15
24 66
335 345
177 204
193 201
403 423
3 17
202 242
31 60
386 390
2 12
350 352
94 129
271 294
68 71
362 397
102 120
273 306
55 82
73 101
326 345
295 303
380 405
77 115
25 41
418 434
198 235
314 328
92 111
387 391
178 215
246 261
352 358
280 299
394 397
215 239
416 428
364 380
244 252
260 300
185 192
407 407
180 206
112 140
211 234
357 369
275 286
140 169
411 418
237 238
380 404
413 428
375 386
130 169
156 187
77 88
196 220
18 61
41 75
272 273
73 78
143 184
365 407
192 195
217 250
357 363
92 96
169 185
185 193
0 14
430 430
67 97
33 63
15 30
277 301
360 401
25 63
382 394
418 418
247 284
2 38
8 43
220 234
419 419
126 158
406 433
261 299
250 291
398 413
102 110
263 298
291 322
55 89
427 427
373 395
280 288
72 92
94 113
345 374
272 303
113 123
274 317
327 345
336 374
118 122
215 251
208 217
108 112
11 52
88 130
347 368
393 411
156 162
20 48
222 265
55 87
357 369
77 93
407 424
384 395
258 259
315 335
288 325
417 432
246 258
59 60
428 431
166 182
56 80
302 316
229 232
4 35
271 288
87 112
244 285
365 397
226 237
164 195
211 254
218 259
105 126
410 427
233 239
176 188
302 329
166 208
273 282
49 62
431 432
161 195
198 235
379 417
372 402
195 210
304 343
157 162
92 102
357 393
431 432
263 269
197 233
167 187
229 258
252 274
186 226
399 409
380 392
0 17
253 279
213 245
204 217
142 170
134 139
6 35
356 396
175 179
418 427
8 11
370 373
148 157
258 276
265 299
212 244
239 255
366 389
259 290
388 393
424 434
16 36
353 375
392 419
225 255
201 213
285 309
286 293
58 81
145 164
114 116
391 395
278 281
418 418
175 195
427 434
86 108
32 58
244 258
22 23
203 220
154 170
308 326
399 404
210 237
71 95
320 337
270 306
299 307
406 434
259 297
75 98
72 73
117 135
281 287
213 245
247 272
314 335
279 289
232 273
312 350
331 354
410 414
43 51
391 411
182 203
399 412
140 141
154 196
62 72
0 33
164 203
404 430
355 377
198 234
140 164
200 212
429 432
366 407
83 119
128 146
112 150
63 94
311 313
233 250
167 184
44 64
338 368
201 218
243 272
89 112
12 36
57 57
377 388
188 211
297 317
292 328
199 200
263 276
239 251
339 375
156 191
424 429
301 335
160 182
236 237
0 31
132 138
193 207
46 85
117 125
121 137
60 102
86 86
293 315
196 204
412 434
264 276
306 307
15 56
65 97
233 263
425 433
106 141
398 425
31 50
195 208
47 67
258 279
145 146
335 335
419 426
89 121
144 184
174 212
281 293
264 271
207 215
150 167
372 377
371 374
350 379
50 71
97 138
101 142
169 171
377 384
243 270
4 34
397 416
103 126
124 147
363 385
422 428
145 156
244 254
159 173
230 249
415 416
40 45
23 44
25 58
426 427
270 296
50 73
176 189
403 411
276 295
315 356
352 392
321 335
94 111
374 412
272 304
94 131
264 301
366 388
307 332
73 116
203 242
251 261
13 44
318 354
132 150
421 434
409 416
387 401
39 68
232 246
68 103
77 105
255 297
83 114
165 175
235 274
359 368
323 351
296 299
417 421
135 141
239 265
432 433
79 91
382 382
168 192
370 372
73 76
116 122
210 231
126 153
112 117
154 168
113 137
186 216
204 208
47 88
327 330
331 370
13 56
86 103
92 132
51 59
31 60
350 389
173 213
138 180
8 24
57 62
249 276
222 243
69 92
29 46
68 76
94 117
182 215
37 45
44 64
228 249
137 155
341 369
181 208
7 29
248 285
64 86
399 427
364 378
207 236
206 207
62 77
0 21
378 405
0 33
410 417
358 383
159 167
307 339
354 396
51 90
96 96
146 159
146 162
215 230
184 211
238 262
163 165
402 407
415 422
357 365
185 190
406 430
325 326
433 434
70 88
225 250
348 384
230 244
70 109
102 108
233 266
402 412
362 403
424 424
127 136
157 190
230 230
192 230
11 12
219 225
360 387
343 348
91 116
0 37
9 41
427 428
178 216
69 89
339 368
352 360
17 26
147 167
231 241
266 278
352 389
431 434
425 431
294 299
382 406
185 199
366 377
149 164
295 302
317 353
124 141
113 138
178 195
391 424
222 256
383 399
331 368
67 107
251 253
41 43
347 372
183 225
370 407
34 74
11 34
18 58
304 307
141 161
288 320
52 89
365 377
370 389
258 290
44 77
384 416
273 294
433 434
7 46
249 267
277 285
80 107
397 433
300 328
292 332
45 53
210 212
300 333
133 163
23 53
377 407
415 422
232 244
239 266
70 112
139 153
273 304
402 411
41 61
93 107
66 71
253 275
394 434
10 27
83 106
409 410
178 193
280 315
108 148
254 258
317 341
92 115
366 371
252 294
325 353
6 47
122 137
433 434
315 346
46 69
57 93
264 306
45 58
261 284
161 171
118 157
8 23
286 298
319 337
223 263
419 428
62 83
107 149
344 345
301 331
216 244
397 414
412 417
110 124
118 141
75 112
144 160
323 364
159 194
407 413
282 308
112 153
412 431
175 181
418 424
431 431
242 245
224 266
390 423
250 289
174 195
46 66
230 252
237 245
367 379
108 121
194 230
23 24
31 44
345 385
237 273
314 322
407 408
29 57
413 428
311 332
15 57
339 348
76 110
429 429
173 190
280 315
400 426
92 98
412 417
50 76
273 314
392 427
256 265
380 396
280 321
321 343
217 258
433 434
273 292
22 32
52 87
335 368
57 87
2 44
139 175
106 147
148 176
426 430
332 360
186 194
241 270
59 63
191 219
91 121
347 357
278 298
395 424
410 432
294 329
275 298
312 314
100 110
375 412
357 368
1 19
380 387
134 138
134 159
340 359
23 65
60 82
254 266
418 421
67 87
94 133
94 94
205 209
126 149
401 420
309 344
63 89
18 39
255 286
40 51
330 361
146 189
63 75
57 78
115 126
242 245
411 413
127 163
307 319
355 381
128 158
374 379
362 394
400 402
266 283
103 108
387 415
230 251
376 383
413 414
263 303
214 238
267 308
145 170
151 159
380 409
128 152
393 412
218 240
83 93
67 94
184 202
2 15
344 356
171 195
276 304
29 56
199 240
6 42
95 133
51 67
303 321
344 366
171 186
385 426
298 339
10 14
323 359
311 353
189 201
379 382
89 117
16 37
278 291
425 431
329 360
231 256
85 108
306 333
133 156
5 17
182 194
255 292
94 104
192 217
417 426
212 239
255 273
295 297
164 199
391 423
78 82
393 427
192 206
428 432
231 244
89 126
33 58
328 346
339 371
388 415
11 14
421 424
65 87
209 242
303 336
92 117
277 298
150 187
301 319
65 97
174 215
38 66
5 6
212 214
131 137
37 52
205 212
264 268
287 307
91 110
126 148
388 390
87 89
115 126
377 400
107 124
63 95
36 74
112 141
340 378
27 59
355 370
350 381
97 118
145 146
404 413
8 50
205 239
376 407
161 183
28 37
165 201
188 192
393 414
220 235
301 342
333 355
303 318
309 326
301 324
343 346
223 233
182 223
226 264
238 270
285 307
237 241
303 319
368 411
30 36
61 62
355 383
237 278
271 271
16 19
408 428
31 35
50 62
304 315
71 101
40 61
186 213
327 347
389 431
171 194
383 383
85 126
129 155
195 210
128 166
134 161
403 404
281 299
87 91
104 132
28 33
109 140
121 144
345 358
310 311
2 28
198 214
386 419
143 143
409 418
306 322
96 120
78 110
395 434
226 236
257 285
408 428
309 313
261 270
197 232
410 425
228 258
300 339
266 306
281 295
186 218
279 306
280 293
327 351
71 81
56 87
208 212
23 29
251 256
253 260
79 110
183 195
101 118
127 143
182 212
16 35
93 127
86 100
269 301
113 143
65 87
381 420
346 388
308 336
164 183
93 107
264 267
228 248
137 155
111 143
237 255
360 399
236 253
111 117
153 181
370 372
226 267
395 432
49 72
332 337
240 257
119 120
13 25
82 88
389 430
379 406
170 208
177 184
29 48
432 434
319 320
104 127
153 171
291 313
71 91
272 310
426 428
367 367
180 207
170 207
5 31
105 125
15 40
301 316
